         2017           1          11     20.0000
         2017           1          11     30.0000
         2017           1          11     40.0000
         2017           1          11     10.0000
         2017           1          11     0.00000
         2017           1          11    -3.00000
         2017           1          11     0.00000
 Temperatura mínima =     2017.00         1.00000         11.0000        -3.00000
 Temperatura maxima =     2017.00         1.00000         11.0000         40.0000
 Temperatura media =          13.8571428571
