      1.00000
      4.00000
      9.00000
      16.0000
      25.0000
      36.0000
      49.0000
      64.0000
      81.0000
      100.000
      121.000
      144.000
      169.000
      196.000
      225.000
      256.000
      289.000
      324.000
      361.000
      400.000
      441.000
      484.000
      529.000
      576.000
      625.000
      676.000
      729.000
      784.000
      841.000
      900.000
      961.000
      1024.00
      1089.00
      1156.00
      1225.00
      1296.00
      1369.00
      1444.00
      1521.00
      1600.00
      1681.00
      1764.00
      1849.00
      1936.00
      2025.00
      2116.00
      2209.00
      2304.00
      2401.00
      2500.00
      2601.00
      2704.00
      2809.00
      2916.00
      3025.00
      3136.00
      3249.00
      3364.00
      3481.00
      3600.00
      3721.00
      3844.00
      3969.00
      4096.00
      4225.00
      4356.00
      4489.00
      4624.00
      4761.00
      4900.00
      5041.00
      5184.00
      5329.00
      5476.00
      5625.00
      5776.00
      5929.00
      6084.00
      6241.00
      6400.00
      6561.00
      6724.00
      6889.00
      7056.00
      7225.00
      7396.00
      7569.00
      7744.00
      7921.00
      8100.00
      8281.00
      8464.00
      8649.00
      8836.00
      9025.00
      9216.00
      9409.00
      9604.00
      9801.00
      10000.0
